d6:
1 270 180 0
2 0 270 270
3 0 180 0
4 0 0 180
5 0 90 90
6 90 0 0

blue http://cloud-3.steamusercontent.com/ugc/1492334836558590464/5E6FFA4717CD00866F4A941D1F29EFD26CBFC420/
green http://cloud-3.steamusercontent.com/ugc/1492334842015137036/28D273E761ADE8EB0E7E4093AE65F9FA87120313/
orange http://cloud-3.steamusercontent.com/ugc/1492334842015156511/1614BD499E060AC70EC72D6482339A87B6C2AAAD/
red http://cloud-3.steamusercontent.com/ugc/1492334842015170752/2A9280EB9CE67F27ACD0580E8EA7A791B041A058/
teal http://cloud-3.steamusercontent.com/ugc/1492334842015182734/A3C23084FCA13C22ABE750C5D582E2F4558CC005/
violet http://cloud-3.steamusercontent.com/ugc/1492334842015198704/E2827A501B6A9128837F43B3ACA60F844D909BF5/
white http://cloud-3.steamusercontent.com/ugc/1492334842015213056/8AA9512B95F36F18EA9C6A19DAEC359FF91F7036/
yellow http://cloud-3.steamusercontent.com/ugc/1492334842015223426/D75EF5571E29FB662B0CDA1D104D73EC196B894A/

d12:
1 0 234 148
2 32 180 90
3 302 108 0
4 58 288 0
5 328 145 90
6 0 126 32
7 0 54 212
8 32 36 270
9 302 253 180
10 58 72 180
11 328 288 270
12 0 163 328

blue
green
orange http://cloud-3.steamusercontent.com/ugc/1492335060221298232/E21D3B1A2BE24F7E4AA89CF7D38DA8C9386C5171/
red
teal
violet
white
yellow

d20:
1 339 240 180
2 290 60 270
3 0 30 111
4 35 21 45
5 35 98 315
6 0 330 249
7 291 180 90
8 339 120 0
9 325 158 45
10 325 322 315
11 35 218 135
12 35 262 225
13 21 300 180
14 69 239 270
15 0 330 69
16 325 201 135
17 325 38 225
18 0 150 291
19 69 0 90
20 21 180 0

blue http://cloud-3.steamusercontent.com/ugc/1492334842020296101/D04EC77F30752FCBA3A3010569132D0CCAA1F7BE/
green http://cloud-3.steamusercontent.com/ugc/1492334842020298415/4A36058347FA672AC2D81BBB229648EA6EA1E0F7/
orange http://cloud-3.steamusercontent.com/ugc/1492334842020300363/7BD0DDFACD29AE34869D256ACDD4DB13CE1ACB01/
red http://cloud-3.steamusercontent.com/ugc/1492334842020301993/F85EC05FCFAA371E965B593D38F2F1DB7F027507/
teal http://cloud-3.steamusercontent.com/ugc/1492334842020303398/6E4813244245C1916918F55F786E771391B53811/
violet http://cloud-3.steamusercontent.com/ugc/1492334842020306298/FB07B6AF6F8639187E9CB5FBE83813DCAF1A168F/
white http://cloud-3.steamusercontent.com/ugc/1492334842020307896/463A46AE7887691A4142EE8B510769A510C42B5E/
yellow http://cloud-3.steamusercontent.com/ugc/1492334842020310385/33EAD54026CC2A434B2E18E792C5CB5432326576/
